0.828762 0.8674 0.987788 0.751063 0.647032 1.24793 1.00327 1.06817 0.925864 0.847233 1.12272 0.889967 1.19261 0.812481 1.23051 1.29106 1.04096 1.20662 1.54046 0.972752 0.993617 1.44198 1.0938 1.78099 1.58773 1.7209 1.30084 1.4998 1.4471 1.60676 0.867948 1.41956 1.53603 1.92713 1.34479 1.58256 1.46421 1.17079 2.1286 2.00126 2.61054 1.97083 2.06362 1.57827 1.74996 1.57186 1.67995 1.87705 1.90544 1.39636 1.15858 1.6316 1.60374 1.89171 1.89299 1.35757 1.05616 1.35307 1.39635 1.6015 1.01407 1.22862 1.33806 1.41695 1.1411 1.38305 0.826588 1.11885 1.32117 1.28134 1.3344 1.10477 1.01427 1.16179 0.653034 0.632589 0.785258 0.760159 0.800713 0.765754
0.926065 0.887648 0.654164 0.659448 0.750232 0.476945 1.21085 0.712984 0.929288 1.03214 1.33257 0.916946 1.1124 1.09631 1.16079 1.37743 0.675645 1.63978 1.10512 1.45783 1.55033 1.50726 1.25251 1.89852 1.51512 1.79089 1.30182 1.41555 1.90396 1.7133 1.53896 2.05873 1.38451 1.74227 1.92404 2.01443 1.55072 1.8085 1.64466 2.14656 1.6489 1.67386 1.67807 1.35296 2.21325 1.71888 1.39192 1.47441 1.87197 1.4605 1.14911 1.81514 1.55627 1.58971 1.38523 1.22966 1.52183 1.35137 1.1136 1.46125 1.2148 1.06447 1.06498 0.987249 1.06852 0.986696 0.878854 1.01206 0.871137 0.707091 0.658291 0.757449 0.748721 0.878703 0.71409 0.741653 1.09428 1.31439 0.639442 0.646932
0.64987 1.09052 0.803957 0.620149 0.905842 0.859697 1.04419 0.854023 0.832134 0.983521 1.05351 1.19484 0.654489 1.30682 0.823899 1.388 1.1411 1.37514 0.986931 1.41682 1.88242 1.15616 1.48675 1.27444 1.29123 1.87352 1.01115 1.71364 1.68142 1.45651 2.30201 1.7137 1.31153 1.75196 2.04635 2.10203 2.17547 1.49821 1.62032 1.83427 2.3694 1.63217 2.24284 1.66195 1.87464 1.67424 1.61534 2.19214 1.4535 1.54288 1.9435 1.74868 1.45446 1.36447 1.3682 1.55414 1.55345 1.99372 1.54983 0.991435 0.926307 1.27399 1.02774 0.840388 0.89919 1.46822 1.07171 1.30518 0.642694 1.39384 0.697879 0.899359 0.759765 0.788615 0.869913 0.508228 0.576967 1.05773 0.743357 0.813463
0.594334 0.805321 1.14563 0.771093 0.994968 0.89823 1.02797 1.18817 0.560838 1.10866 0.734268 1.51963 1.08492 0.656001 1.04979 1.11281 1.24755 1.1826 1.25304 1.25719 1.46551 1.55016 1.29735 1.25713 1.49966 1.41309 1.44734 1.54996 1.32569 1.42941 1.99451 1.29027 1.61401 2.3937 1.29691 1.46471 1.62789 1.40988 1.85829 1.68722 1.9751 1.60343 2.02435 2.06981 1.53199 2.05298 1.48129 1.80532 1.39826 1.43311 1.38141 1.5555 1.19474 2.0213 1.20784 1.59842 2.09635 1.69547 0.929719 1.01214 1.18178 1.50749 0.992091 1.30054 0.672943 0.67163 1.6304 0.859945 0.724324 1.24557 0.783911 0.951642 1.27335 1.14777 0.684602 1.11221 0.993689 0.980639 0.890111 0.834326
0.838618 0.970733 0.395445 0.810223 1.0641 1.05134 0.820837 0.682759 0.93574 1.05833 0.869943 0.908321 1.24431 0.936087 1.27189 1.31652 1.07909 1.80152 1.32249 0.963874 1.01333 1.52689 1.00403 2.01113 1.45119 1.65271 1.69279 1.03032 1.3352 1.24314 1.66088 1.34947 1.76092 1.43374 1.69194 2.42147 2.22624 1.74456 1.5448 1.7472 2.20021 1.52483 2.27114 1.89258 2.20588 1.73983 1.81389 1.63888 1.8064 1.92722 2.33664 1.65087 1.57253 1.70346 1.20178 1.77594 1.81197 1.33807 1.17018 0.972822 1.13446 1.22963 0.923256 1.33375 1.43303 0.798005 1.24271 0.923494 1.21441 1.09158 0.962973 1.01261 0.964609 0.900335 1.1476 0.746462 0.777172 0.917143 0.669201 0.958389
0.670599 1.08644 1.20926 0.982338 1.07147 0.666762 1.19 0.538274 1.34111 1.10485 0.958785 1.47031 0.973242 0.813914 1.04226 1.46157 1.28741 0.874437 1.43609 1.24187 1.86057 1.41363 1.40937 1.6327 1.27375 1.32231 1.9353 1.5287 1.60774 1.8351 1.60962 1.56264 1.12686 1.88112 2.05793 1.51748 1.68213 1.71963 1.6049 2.36706 1.62376 1.801 1.65406 1.92173 1.46288 2.05703 1.94993 1.31197 1.81851 1.84062 1.35609 1.76323 1.58545 1.53926 1.31671 1.00641 1.6342 1.23261 1.36976 1.66139 1.34892 1.38382 1.87509 1.20674 1.13384 0.88214 1.26382 1.21767 0.804683 1.0059 1.01657 0.77284 1.16929 0.687885 1.15225 1.1853 1.01224 0.652523 0.351166 0.61549
0.684353 1.17144 0.823708 0.705779 1.1664 0.705402 0.969886 0.83099 1.22858 0.859232 1.17946 1.65911 0.976893 1.23853 1.48022 1.04607 1.44502 1.50969 1.31817 1.70319 1.16862 1.87527 1.59402 1.68621 1.62882 1.58197 1.52398 1.31736 1.81301 1.66216 2.10505 1.99918 1.47483 1.55737 1.4732 1.27943 2.05949 1.78887 1.90809 2.07843 2.01903 2.23542 1.89595 2.02614 2.05002 2.37056 1.36556 1.70942 2.30585 1.72826 1.15384 1.55265 1.9237 1.57321 1.25466 1.38687 1.7866 1.43484 1.19848 1.6256 1.3861 1.15994 1.35009 1.32387 1.35158 0.989396 1.03244 1.08567 0.850342 0.687753 0.881242 1.12875 0.693363 1.03986 0.995523 0.908701 1.04296 0.929512 1.31483 1.18603
1.02564 1.01151 0.959738 1.34096 1.10598 0.902835 1.25641 1.10409 0.998725 1.3166 0.852617 1.28048 1.55296 1.03319 1.4261 1.47769 1.61343 1.08307 1.1578 1.01616 1.6267 1.88147 1.24585 1.9783 1.22848 1.57172 1.9484 1.87367 1.27879 1.86605 1.56596 1.77504 2.12705 1.80373 1.53598 2.23911 2.24571 2.03709 2.20407 1.58142 2.30236 2.37099 1.88251 1.49482 2.22846 1.91808 2.28437 1.25032 2.45723 1.44385 1.53015 1.85092 1.29331 1.7219 1.20977 1.40543 1.43209 1.17393 2.06448 1.51799 1.06578 1.52974 1.68711 1.47925 1.19957 1.15939 1.11211 1.40647 1.14545 1.06301 1.09816 0.88249 1.09013 1.24056 0.998165 0.576786 0.91845 1.14394 0.961778 1.08544
1.06327 0.955053 1.28858 1.11688 0.890139 0.910089 0.720472 1.56423 1.11337 1.15855 0.865676 1.07886 1.42314 1.19818 1.31833 1.49345 1.6448 1.41727 1.51051 1.24925 1.52224 1.58967 1.14195 1.09166 1.77257 1.46896 1.57483 1.87899 2.47751 1.00524 1.85761 1.76141 2.02815 2.39329 1.47278 1.99978 2.20684 2.35834 1.59159 2.47984 2.17055 1.50024 1.75145 2.12362 1.98646 2.25945 1.87648 2.1331 1.89483 1.63309 1.68946 1.28883 1.64245 1.33537 1.76114 1.47178 1.35347 1.2418 1.10638 1.32208 1.56633 1.39739 1.12636 1.52372 1.28402 1.85556 1.08781 0.797519 0.979277 1.27271 1.38274 0.982095 1.38384 0.998948 0.550525 0.901381 0.796279 0.861984 0.807688 1.24915
1.3073 0.898869 0.895616 1.10305 1.07691 1.38033 0.794412 0.987942 1.16308 1.15342 0.889405 1.18733 1.00844 1.22901 1.54617 0.79515 1.48725 1.41717 1.5037 1.8158 1.19 0.987749 1.27661 1.58609 1.33975 1.84479 1.96527 1.77331 1.73379 2.21671 2.1043 2.48482 1.57521 1.69786 2.24755 2.33645 1.69331 1.86568 1.70261 2.15259 3.54575 2.03699 2.24706 2.06734 2.30736 2.4255 1.89173 1.98644 1.24717 1.7032 1.86695 1.62949 1.92514 1.84332 1.71286 1.99119 2.06986 1.29255 1.78255 1.92577 1.48555 1.17553 0.929553 1.07787 1.05643 1.47601 1.41518 1.13931 1.17287 1.01089 0.989387 1.38039 1.43933 1.20473 0.814646 0.691856 0.901697 1.05039 0.743031 1.20867
0.932668 1.27339 1.5196 1.38259 1.17656 0.878242 1.04743 1.08811 1.29105 1.28529 1.09074 1.12132 0.996669 1.18528 1.5591 1.54742 1.74516 1.80811 1.2568 1.33462 1.1849 1.66197 1.77604 2.05615 1.47137 1.87454 2.09249 1.66099 1.89975 1.96864 1.43446 1.95791 1.47962 1.79069 2.01741 1.65669 2.83305 2.2271 2.31075 2.14107 2.15301 1.71406 2.09101 2.36072 2.10192 2.02494 2.04997 2.0276 1.71423 1.59863 1.76204 1.58883 2.3591 1.35406 1.72295 1.53809 1.82121 1.61638 2.13238 1.84166 1.7824 1.66077 1.2928 1.58955 1.0012 1.65466 1.78639 0.99956 0.587401 1.21038 1.44336 1.3175 1.22451 1.03993 0.819996 1.05292 1.29514 1.22945 0.868681 1.27554
1.41388 0.846291 1.04812 1.52132 1.12058 1.13748 1.0057 0.868371 1.09283 0.955719 0.820409 0.891068 0.711095 1.45312 1.34397 1.88201 0.873407 1.08231 1.36932 1.49577 2.03466 1.34559 2.3237 1.80305 1.34932 1.72485 1.08979 1.51681 1.67712 1.85532 1.87477 2.25334 1.92052 1.97811 2.41477 2.26558 1.86216 2.41327 2.07464 2.26183 2.80708 2.52736 2.27374 2.18392 2.16244 2.70264 2.95023 1.68893 1.45712 1.48053 1.7829 1.98076 2.35002 1.66794 1.87905 2.35846 1.8602 1.72562 1.68253 2.04766 1.38039 1.65116 1.32985 1.38267 1.36434 1.56172 1.46856 1.11145 1.03123 0.567717 1.44119 1.25269 0.987792 1.12489 1.00931 0.847 0.674426 1.16362 0.934575 1.54541
1.08165 1.24422 1.66643 1.72625 1.26087 1.06793 1.12645 1.66971 1.31188 1.45754 1.12164 0.833304 1.27538 1.6741 1.57231 1.07116 1.09513 1.52487 1.37398 1.3197 1.96205 1.54722 2.0502 1.57765 1.83189 2.62034 2.07677 2.08999 1.70415 2.38671 1.78789 1.90855 1.83325 1.63517 2.2703 2.4508 2.42332 2.13661 2.52006 2.16753 1.88474 2.36219 2.75162 2.47127 1.79649 1.81126 2.78048 2.26448 2.47877 1.44534 2.37642 1.73379 2.0924 1.60358 1.58998 1.71934 2.04405 1.47701 1.63126 1.54855 1.99787 1.39484 1.05297 1.19697 1.49809 1.74601 1.45938 0.932305 1.40002 1.65626 1.19357 1.25733 1.21803 1.07897 1.23209 1.05695 1.0431 1.17654 1.07219 1.02638
0.833901 0.782618 1.44319 1.08128 1.36935 0.909182 0.982679 1.43653 1.07846 1.40442 1.20746 1.03376 1.55192 1.55672 1.29982 1.75404 1.87917 0.960666 1.80727 1.52092 1.55375 2.07051 1.44577 2.29013 1.91159 1.38409 2.48879 1.82484 1.59582 2.25663 1.64612 2.33557 1.79774 2.77697 2.83961 2.66989 2.20852 2.7838 2.42596 2.18434 2.41557 2.11391 2.26985 2.01159 1.82362 1.77762 1.61521 2.14965 2.14292 2.6674 2.21172 1.93912 1.89524 1.89853 1.38723 2.198 2.23914 2.27299 1.95486 2.22228 1.69004 1.50509 1.39672 1.65212 1.28058 1.16996 1.29421 1.2728 1.33397 1.05323 1.18738 1.21872 1.01502 1.00589 1.04945 0.805852 1.26733 1.56461 1.69418 1.49549
0.915394 1.11596 1.28298 1.20275 1.13957 1.49175 0.877946 1.27576 1.13915 1.27359 1.29969 1.00442 1.56422 1.91251 2.06168 1.70464 1.43829 1.38079 1.53678 2.01656 2.03639 1.77745 1.68866 1.77185 1.83639 2.33288 2.29308 1.94702 1.77995 1.76983 2.4017 2.12029 2.32232 2.01267 1.93553 3.01052 2.1215 2.62514 3.16163 1.90437 2.43531 2.22161 2.22844 1.90803 2.93661 2.39377 2.59489 2.33922 1.75953 3.13789 1.46165 2.4283 2.1666 1.83377 2.11439 2.51547 1.26007 2.05773 1.41662 1.50539 1.66289 1.94687 1.57947 1.42112 1.60349 1.4306 1.30441 1.83789 1.634 1.242 1.89326 1.51501 1.60089 1.37436 1.19627 1.09627 1.08804 1.34023 1.49309 1.18217
0.800951 1.02948 1.41483 0.928298 1.10933 1.41894 1.82644 1.3118 1.26098 1.07495 1.31425 1.49901 1.52211 1.27381 1.47964 1.7138 1.76635 1.69168 1.94581 1.57472 1.98709 1.54754 1.71088 1.90868 2.08897 1.71134 1.89722 1.84916 2.19766 2.55501 2.23631 2.10274 1.86757 2.05144 2.4593 2.28864 2.411 2.6485 2.7379 2.54476 3.05789 1.82669 2.49319 2.0474 2.54551 2.70714 2.21248 2.15914 1.61575 2.65819 1.87984 2.38719 2.2258 2.01029 2.14336 1.8405 2.15374 1.79947 1.8498 1.44458 1.32609 1.81056 1.54283 2.10898 1.49036 1.67858 1.30702 1.37878 1.22266 1.0839 1.39417 1.21103 1.63738 1.5802 1.40518 1.08547 1.0188 0.810716 0.946516 0.950106
1.2451 0.819335 1.25488 1.13066 1.32053 1.19144 1.54299 1.68486 1.71321 0.88752 1.49527 1.56559 1.5723 1.34623 1.79853 1.41535 1.44661 2.47973 2.15221 2.05211 2.05023 1.54932 1.82647 1.55905 1.8314 2.03727 2.20962 2.2721 1.56921 2.32665 2.38019 2.18925 1.56847 2.17842 2.52796 1.99712 1.8545 3.08225 2.84606 2.37509 2.1438 2.6429 2.84728 3.11207 2.61066 2.41246 2.22662 2.07725 2.65371 2.64619 1.85108 2.18663 1.75822 2.4429 1.9495 2.52163 1.90576 1.83632 2.02113 1.28891 1.78898 1.28154 1.68085 1.7971 1.67738 1.53041 1.46918 1.649 1.00396 1.33817 1.59709 1.00093 1.17502 1.27939 1.40904 1.2761 0.825053 1.47105 1.14461 0.995101
1.39262 1.33724 1.13876 1.3669 0.990386 1.13765 1.35085 1.28201 2.20837 1.31502 1.8687 1.74979 1.40172 1.77168 1.5833 2.19178 1.91691 1.65107 1.7929 1.58053 1.94938 1.7683 2.05133 1.92135 1.66368 2.43029 1.88156 2.29414 1.86649 2.44219 2.16112 2.32343 2.5856 2.53555 2.4159 2.53546 2.31192 2.78579 2.49773 2.63396 2.4329 2.59409 2.40736 2.7479 2.52668 2.5555 2.7244 2.39632 3.3793 2.28725 2.36448 1.94578 2.55212 1.90517 1.85143 2.33335 1.78994 2.28532 1.77347 1.87706 1.60437 1.65566 1.99377 1.57368 1.60112 1.67358 1.10994 1.53049 1.80357 1.25821 1.28022 1.13522 1.54249 1.41394 0.758183 1.05359 1.3079 1.63451 1.34185 1.33023
1.23282 1.20937 1.49908 1.60071 1.7048 1.5358 1.58015 0.883146 1.61677 1.24414 2.22257 1.65746 1.57759 1.64169 1.82354 1.85553 1.87925 2.07218 1.54999 2.44737 1.62304 2.06908 1.49183 2.05935 2.26398 2.72957 2.36894 2.44151 2.44437 2.82097 2.35849 2.42512 3.19737 2.70951 2.91924 2.57956 2.53329 3.00079 2.75526 2.07326 2.83141 3.17114 3.06635 2.73949 2.78791 2.63858 2.23417 1.9436 2.06757 2.34241 2.03463 2.31279 2.52351 2.25249 2.56005 2.16592 3.00601 1.82215 2.39716 1.98975 1.96218 2.57054 1.57181 2.01508 1.61693 1.61377 1.55536 1.33078 1.70859 1.51782 1.87806 1.78933 1.40695 1.21418 1.10405 1.4942 1.30018 1.06752 1.15428 0.977689
1.00223 1.35872 1.04897 1.17201 1.56219 1.37103 1.38645 1.23555 1.21144 1.56547 2.17307 1.25231 1.24194 1.73139 1.60661 1.46466 1.89377 2.10172 1.84531 1.9723 1.77739 1.84417 2.67883 2.07778 2.30965 2.35365 2.35892 2.28095 1.83858 2.18496 2.72087 2.34102 2.31421 2.40709 2.68963 3.01945 2.02071 2.92018 2.4835 3.16966 2.85806 2.75933 3.0062 2.51765 2.67913 2.91546 2.39112 2.10782 2.66227 2.64754 1.76772 3.04199 2.26474 1.93068 2.31372 1.91272 1.97462 2.11852 2.05627 2.12727 1.56518 1.92299 1.44255 1.84071 1.83194 1.5253 1.81391 1.65034 1.98752 1.48243 1.53159 1.15388 0.870374 1.125 1.42277 1.53922 1.40356 1.08328 1.43536 1.37147
1.67852 1.08756 1.26887 1.20954 1.21016 1.68911 1.3551 1.5538 1.48817 1.49515 1.287 1.24947 1.96498 1.67459 1.59771 1.6293 1.93898 1.9148 2.12302 1.74908 2.05789 2.57593 1.78686 2.52509 1.88886 2.34031 2.10098 2.16175 2.56036 2.44064 2.32068 2.23891 2.29383 2.74481 3.29686 2.49791 2.75111 2.79765 2.99227 2.94478 2.87472 2.1867 2.36527 2.49123 2.71787 2.9334 2.61188 2.48943 2.35354 2.66603 2.63798 2.74248 2.30669 1.80903 3.1804 2.78307 2.04669 2.99516 1.80355 1.81575 2.62844 1.51874 1.59135 1.89261 2.00466 1.77402 1.42037 1.43947 1.54139 1.94995 1.67589 1.42089 0.98778 1.4247 1.99943 2.13549 0.885546 1.24694 1.43248 1.39297
1.52659 1.12421 1.77762 1.37964 1.39581 1.84296 1.22533 1.27868 1.09504 1.50945 1.79247 2.23573 1.90956 1.71944 2.18291 2.50297 1.94076 1.95547 1.91381 2.97856 1.8225 1.9425 2.26915 2.48986 2.34654 2.46405 2.34165 3.05871 2.63762 2.29803 2.86509 2.5896 2.66004 3.36087 3.36379 3.259 2.52767 2.58811 2.27903 3.75531 3.01677 3.04653 2.92759 2.6312 2.31813 2.93384 3.15646 2.40466 2.77596 2.72299 1.89318 2.71262 2.60094 2.65166 3.0866 2.76827 2.26855 1.92604 2.2925 1.4385 2.18072 1.53618 1.76839 2.86745 1.54021 1.67188 1.49686 1.35619 1.67918 1.4302 1.51136 1.52966 1.55373 1.78743 0.99884 1.27233 1.45214 1.06036 1.01283 1.0868
1.50168 0.992704 1.34182 1.47482 1.42385 1.4778 1.28602 1.46847 2.1159 1.23184 1.08506 1.87728 1.89488 1.49452 2.02175 1.37503 1.76817 2.39453 2.36965 1.91677 2.01315 2.06422 2.38355 2.27738 2.52077 2.2885 2.62082 2.29627 2.28738 2.48541 2.52288 2.55184 2.72031 3.1889 2.88231 3.20188 2.95544 3.14177 2.29548 2.73879 2.77687 2.75222 2.94409 3.19284 2.35064 2.76098 3.15409 2.47295 2.4277 2.47994 2.58942 2.71 3.33671 2.71427 2.54314 2.1222 2.29251 2.06094 2.26104 2.23002 1.86827 1.79418 1.91957 1.75377 1.94391 1.2159 1.66522 1.72578 1.32024 2.01062 1.33309 1.5932 1.47288 1.49244 1.30129 1.42499 1.46864 1.28804 0.967675 1.5922
0.873419 1.28916 1.17675 1.88027 1.52634 1.50998 1.44799 1.24119 2.11557 1.55665 1.74368 1.76869 1.61853 1.8374 1.80441 1.61757 1.73399 2.06982 2.42073 2.13384 2.96756 1.98027 1.73996 1.94907 2.67945 2.43932 2.73983 2.6406 1.92221 2.60574 2.60401 3.14495 3.09824 2.71581 2.39214 2.65843 2.55927 3.39506 3.0052 3.65396 3.00782 2.94419 3.59538 3.21065 3.00243 3.59996 3.10511 2.67486 2.92297 2.38658 2.466 2.2771 2.91935 2.73991 2.47573 2.29799 2.52428 1.8719 2.32138 1.72158 2.27102 1.99897 2.18047 2.54618 1.79824 1.67863 2.00162 2.19099 1.97658 1.38686 1.7812 1.93592 1.64514 1.06721 1.70089 1.09991 1.09449 1.16793 1.56859 1.49316
1.60514 1.40897 1.79162 1.46703 1.64913 1.39798 1.54846 1.65357 1.39894 1.5213 1.64098 1.4233 1.9748 1.63971 1.60271 1.91092 2.21747 1.82617 2.39604 1.92164 2.41846 2.08992 2.40646 2.16398 2.54063 2.26988 2.55316 2.59321 2.68786 2.63696 2.63615 3.2832 2.96562 3.43735 2.9888 2.76382 3.00894 3.02792 3.63943 4.13701 2.71544 2.80497 3.26014 3.23592 2.64024 3.55953 2.53375 3.30069 2.6346 2.40489 2.3948 2.8967 2.61372 2.46637 2.82716 2.75174 2.34432 2.43868 2.39976 2.14498 2.80903 2.25989 2.01374 1.59934 1.99574 2.14391 1.20753 2.15942 2.05137 2.17683 1.17596 2.00506 1.57754 1.5237 1.82249 1.68463 1.41864 1.91622 1.99148 1.34528
1.28803 1.02852 0.694412 1.49539 1.10389 1.38957 1.97385 1.82217 1.66443 1.17868 1.84072 1.61319 2.19569 1.66859 1.46756 1.54198 2.65537 2.18518 2.24612 2.52185 2.31514 2.40473 2.53348 2.33392 2.59448 2.37759 2.12037 2.73058 3.13776 2.68188 3.85176 2.20555 2.80983 2.90057 3.58402 2.65999 3.09295 4.2428 2.92206 2.99311 3.12787 3.02423 3.33129 3.22088 3.40347 3.03367 3.02153 2.97258 2.98771 2.8994 3.21112 3.16473 2.23861 2.56573 2.71909 2.74838 2.7823 1.92893 2.23695 2.75063 1.76423 2.01617 1.97864 2.84289 1.45966 1.81112 2.00464 2.43227 1.789 1.87005 2.02619 1.72026 1.71214 1.91003 1.98725 1.31625 1.40515 0.987281 2.08971 1.53487
1.42522 1.85523 1.56502 1.80403 1.39492 1.20486 1.84447 1.35613 1.70625 1.83815 2.00196 1.71368 2.20489 1.92171 2.19825 1.56468 2.63123 2.19741 2.45801 2.32926 2.78036 2.1953 2.20613 2.33599 2.43389 3.00049 2.83146 2.61304 3.22281 3.18329 2.8377 3.64494 2.71249 3.47202 3.56586 2.66332 3.01022 3.14732 2.77589 3.19465 3.39511 3.63432 3.40097 3.90416 2.55159 3.28522 3.12237 3.1778 3.13374 2.95534 2.62514 2.93148 2.99076 2.75685 2.74923 2.37309 2.60847 2.00554 3.08448 2.46173 3.16779 1.92415 2.08394 1.96246 2.02353 1.57331 2.27444 1.66969 1.64257 1.7846 1.65673 1.86217 1.70916 1.46505 1.57989 1.31487 1.82534 1.47531 0.979722 1.26495
1.2237 1.35495 1.62924 1.50457 1.86528 1.76474 2.03831 1.56762 1.83988 1.68015 1.93276 2.23054 1.49583 2.23052 2.21386 1.80785 1.72623 2.33436 2.37877 2.65656 2.2715 2.63493 2.73251 2.46597 2.86982 2.16486 2.27953 2.75028 2.54287 2.42154 2.43072 3.19474 3.15094 3.17014 3.71776 3.10163 2.72824 3.79583 3.18346 3.73982 2.93402 2.92017 3.03556 3.44048 3.63255 2.70283 3.27133 3.4037 2.40094 3.122 2.53412 2.44542 2.37362 2.28259 2.92214 2.94513 2.34496 2.8122 2.82935 2.54188 2.33474 3.27828 2.24389 1.80821 1.90735 1.49728 2.10761 2.30293 1.58182 1.68268 1.70654 1.69898 1.37028 1.57945 1.42801 2.05026 1.36524 1.39963 1.2372 1.20013
1.6989 1.46747 2.12892 1.43057 1.6816 1.65377 1.75413 1.51331 1.94594 1.58264 1.67043 1.73706 2.07939 2.18712 2.28684 1.78031 2.15055 2.49711 2.11051 1.994 2.13616 2.38303 2.81797 2.42511 2.63261 2.28425 2.29505 2.4483 3.14735 2.16367 2.7645 2.46025 2.65224 3.64328 3.44261 3.2754 2.69993 3.01059 3.70427 3.04869 3.21572 3.15095 3.51051 3.76628 2.26931 2.79455 3.16471 2.96334 2.54007 3.11363 2.88733 2.52168 3.36069 2.19812 2.4929 3.05487 2.37335 1.88047 2.75932 2.43118 2.77818 2.60511 2.29122 2.39802 1.71737 2.21011 1.60849 2.12306 1.84678 2.02534 2.28535 2.00318 2.1744 1.922 1.64166 1.43291 1.66201 1.54508 1.62209 1.5822
1.09667 1.42371 1.17605 1.67504 1.62954 1.40887 2.03727 1.69417 1.91472 1.6784 1.82187 1.98551 1.97344 2.07837 1.93547 1.78347 2.19884 2.359 2.24218 2.30896 2.70825 2.22069 3.1593 2.41 1.92006 3.13637 2.81194 3.56913 2.71119 3.56907 3.12935 3.6491 3.72069 3.5682 3.3488 2.25114 3.49022 3.89944 3.72308 3.62378 3.21524 3.69019 3.39758 2.85907 3.764 3.29923 3.38484 3.32448 2.93471 3.32413 3.05698 2.72752 2.33693 2.90881 2.45387 2.78584 2.15142 2.08669 3.05782 2.5688 2.88226 1.60298 2.80308 2.33417 2.15615 2.02503 1.77103 2.40986 2.11887 2.06135 1.77383 1.25973 1.84067 2.03578 1.87629 1.55742 1.35918 1.84767 1.59654 2.43269
1.50056 1.92414 1.78851 1.8285 1.44822 1.79512 1.38435 2.06402 1.96458 0.869378 1.31387 1.19907 1.29591 0.949529 1.45647 1.28473 1.34375 1.47261 1.34625 1.34127 1.67223 1.63465 1.78404 1.37456 1.78344 1.90708 2.1589 1.73797 1.86681 2.49163 2.30489 2.43989 2.5173 1.8056 2.11014 2.72215 2.55236 2.02554 2.49797 2.1919 1.9428 2.40492 2.38059 2.05339 2.53727 2.34154 2.21296 2.27538 1.87689 1.92317 2.75902 3.12018 2.89699 2.3969 3.72565 3.30645 2.28047 2.61026 2.66382 1.981 1.89136 2.72928 2.45954 2.48188 2.37592 2.0827 2.61864 2.10243 2.13871 2.17922 1.83879 1.54891 1.78689 2.3306 1.58776 1.85553 1.63828 1.61704 1.71019 1.263
1.92019 1.77395 2.52627 1.51746 1.56614 1.64568 1.78088 1.83303 1.19476 1.13554 1.18439 1.03035 1.76346 1.37987 0.903136 1.55722 1.85361 1.89933 1.29358 1.44389 1.47798 1.83753 1.29461 1.83663 1.99566 1.80973 2.30124 1.92647 1.55547 3.00859 1.91881 2.73744 2.30382 2.83178 3.28446 3.55637 3.27038 2.83781 2.60325 3.20626 3.54607 3.54108 3.22017 3.26295 2.90868 2.95489 2.71318 3.03309 2.8981 2.08685 3.40907 2.3007 3.64109 2.76434 3.16088 3.04556 3.12917 2.60857 2.60427 2.52808 2.55577 2.87411 3.35529 2.8249 2.67251 2.12628 2.44708 1.94907 2.23007 1.75754 1.90529 1.61585 1.16376 2.20764 1.9711 1.74402 1.65668 1.09094 1.88333 1.41259
1.94151 1.58465 1.45073 1.76956 1.79675 2.69118 2.02284 1.93901 2.12806 1.06992 0.659135 0.814131 0.957059 1.07918 1.78359 1.61 1.50603 1.34667 1.30921 1.42187 1.96373 1.9363 1.50243 1.9395 1.52357 1.57811 1.52775 2.19938 1.62986 2.42337 1.64342 3.21118 2.47631 2.55832 3.70497 3.5403 2.81105 2.79074 3.76089 2.27105 3.41006 3.27094 4.29837 3.20991 2.65446 3.45734 3.17514 2.40813 3.16346 1.77651 2.47685 3.28319 3.49618 3.33714 2.9946 2.84259 2.1979 2.53858 3.1137 2.85739 2.39907 2.61448 2.72643 2.70692 2.21197 2.2221 2.25977 1.95643 2.42335 1.79816 1.69794 1.89427 1.45004 1.95845 1.97858 1.34313 2.00623 0.852026 1.45033 1.69235
1.92041 2.24298 2.25226 1.51129 1.88323 1.4741 1.79942 1.76433 2.07946 0.975487 0.957088 1.07479 1.22573 1.06799 1.62055 1.52125 1.68618 1.24428 1.42081 1.45262 1.71607 2.08595 1.97539 2.55574 1.79998 1.82013 1.75203 1.99882 1.62782 2.51705 2.17242 3.03788 3.22035 3.08265 2.86904 2.69228 3.22618 3.02739 3.35927 3.03777 3.77251 3.65543 3.24263 2.49136 3.28527 2.86687 3.5408 3.41829 2.46244 2.44221 4.30372 2.90295 3.81152 2.9317 3.01602 2.60416 2.07017 2.39773 3.36489 3.07789 3.12218 2.8437 2.64178 1.63967 2.14771 2.09091 2.28057 2.04671 1.66932 2.19259 1.94948 1.68178 2.18308 1.81267 2.44745 1.69353 1.96593 2.14103 1.66156 1.3825
1.95794 1.51958 2.10289 1.82592 1.59651 1.90064 1.63743 2.16264 1.78736 1.13275 1.21998 1.50264 1.13762 1.23123 1.50903 1.33485 1.82352 1.7002 1.79448 1.60908 1.83781 1.35154 2.31311 1.4616 2.3583 1.84833 1.72216 1.34535 2.35864 2.97861 2.32041 2.1924 2.81904 2.97827 3.2608 3.16878 3.42289 3.74447 2.89364 3.56125 3.93663 3.21948 3.46345 2.78123 3.19154 3.96161 3.51434 3.01874 3.33683 2.06335 2.88188 3.4852 3.4248 3.63445 3.09625 3.14026 2.48675 2.7523 2.35761 2.98384 2.43458 2.52616 1.7579 2.98985 2.29608 2.4555 2.56424 2.85614 2.57748 2.10262 1.98322 1.64112 1.61285 1.78554 1.15401 2.06187 1.61879 2.1663 1.7872 2.15599
1.56041 1.62307 1.61967 1.33647 1.69209 2.07477 1.86156 2.22533 1.63854 1.32772 1.76664 0.982383 1.66084 0.970063 0.930332 1.87518 1.47707 1.6248 1.42334 2.16613 1.41876 2.09107 1.8935 1.77379 0.930744 2.24322 1.81266 2.45305 2.04116 3.04396 1.90448 3.03565 2.82282 2.59915 3.47773 3.00554 3.55234 3.45305 4.30719 3.77377 3.11598 3.73551 3.62021 2.86691 3.07502 2.98048 3.24396 2.92901 3.11776 2.02298 3.51153 2.85008 2.55805 2.23342 3.19224 2.90479 2.92482 3.18385 2.67939 2.60603 3.01126 2.88826 3.02466 2.25154 2.25948 2.32904 2.47943 1.63018 1.95194 2.10682 2.27033 1.72555 2.02099 2.14425 1.88412 2.04067 1.6917 1.67776 1.30857 1.47275
1.34529 1.97904 2.01373 1.27825 1.35177 1.74922 1.88324 2.03221 1.57586 0.989188 1.2645 1.82974 1.8619 1.84192 1.85372 2.04899 1.57423 2.12475 1.99123 1.97865 1.40748 1.87713 2.50899 1.98197 1.5534 1.96151 2.27017 2.15207 2.4946 3.57609 2.42083 3.03938 3.43786 2.73245 3.75356 3.48176 3.80348 3.32735 3.47161 3.20617 3.60089 2.64944 3.60973 3.18566 3.31997 3.40553 3.12606 2.73841 3.48253 2.29073 3.28796 2.45139 2.60263 1.87562 1.74316 2.84568 2.82589 2.93151 3.35863 3.22129 2.86789 2.7544 2.0787 2.60337 2.05165 2.77008 1.75611 1.58822 1.35916 1.20494 1.23351 2.1147 1.86509 1.76617 1.63958 1.90644 1.38514 2.01057 1.7646 1.57389
2.01304 1.7265 1.52674 1.6043 1.8844 2.15328 1.81568 2.1829 2.02371 1.50891 0.939481 1.39665 1.56204 1.79796 1.50892 2.59739 1.42113 1.06267 1.71265 2.04637 1.64002 1.72239 1.37257 2.18514 2.20689 1.81101 2.09457 1.77705 2.69535 3.11949 2.97066 3.3243 3.65311 3.19975 3.40296 3.64649 3.74234 3.43319 4.27902 3.79103 3.70457 3.72061 3.10822 3.74973 3.69771 3.55512 3.01457 3.99617 2.91361 1.95546 3.17176 2.32317 2.28283 1.48406 1.91298 2.61201 3.36101 2.65878 3.42272 3.57872 3.06526 2.89428 3.0273 2.14325 2.34893 1.98008 2.05842 1.67398 1.40781 1.59123 0.989054 1.4203 1.85413 1.4672 2.11291 2.41305 2.18241 1.82464 1.90749 2.02033
1.98613 1.48102 1.30211 1.3405 1.80772 2.08025 1.74439 1.99263 1.84536 0.616958 1.99232 0.916495 0.995709 1.72053 1.45374 1.37366 1.78695 1.67968 1.41286 2.1027 1.86791 2.13865 1.46964 1.57364 1.82451 2.22742 2.2794 2.25242 1.80391 3.14803 1.67671 2.72171 3.5482 4.1664 3.25701 3.52816 3.92688 3.38059 4.14834 3.63124 4.09716 3.90065 2.94484 3.84904 3.72639 3.26973 2.88552 3.58651 2.78769 1.90608 3.26704 1.67761 2.04066 2.53297 2.48461 1.4195 1.86813 2.06225 1.46215 0.978152 1.47119 1.9627 1.52251 1.74216 1.448 1.43979 1.6288 1.84251 1.25048 1.26513 1.20395 1.46792 2.00414 1.96728 2.15891 1.6185 1.99885 2.12428 1.79524 1.93132
1.33749 1.91556 2.10611 1.43286 1.76266 1.42671 1.65595 2.41357 1.65903 1.426 1.53413 1.33292 1.33123 1.75272 1.43901 1.52518 1.33379 1.83111 2.11018 2.02387 2.63311 1.36174 1.71595 1.50156 2.31551 2.21477 2.43717 2.33256 2.02087 3.06456 2.12048 2.70418 3.58144 3.43128 3.78334 3.33726 3.5211 3.31927 3.87213 2.94054 4.0855 3.88609 4.23439 3.15472 3.29874 3.1397 3.26312 3.98877 2.7633 1.83557 3.90493 2.63156 2.56405 1.80929 2.58332 1.63639 1.65574 1.55093 1.62232 1.95153 1.81828 1.26769 1.69804 1.10999 1.7447 1.70984 1.0711 1.44563 1.35865 1.74765 1.84052 2.3541 2.08148 1.99342 1.8204 2.13863 1.9959 1.43408 1.71425 1.85212
2.21655 2.17567 1.75914 2.28738 1.86623 1.9443 2.38905 1.93658 2.43105 1.40621 0.987483 1.70133 1.53115 1.3407 1.47085 1.59793 1.35995 1.71918 1.86706 1.62989 1.77611 1.47079 1.59838 2.07615 2.28632 1.53943 2.51462 2.07665 2.25973 3.22448 2.01051 3.39657 3.43308 2.93037 4.08286 4.08294 4.35814 3.77458 2.99726 3.18977 3.53467 3.93893 3.79061 3.09646 3.86068 3.99464 3.96555 2.79891 3.69419 2.14921 3.98467 3.70231 2.06821 1.95731 2.24436 2.15872 1.94471 1.79489 1.58358 1.91528 1.8482 2.18323 1.99282 1.75978 2.0842 1.70397 1.70948 1.60295 1.52462 1.34114 2.12162 2.20021 1.69689 2.15397 1.75629 2.22584 1.74499 2.26229 1.59536 2.01694
1.8964 1.61291 1.25274 2.77639 2.16287 2.31888 2.28951 1.51149 2.08144 0.989578 1.41373 0.974256 1.87036 1.63752 1.71391 1.72041 1.94626 1.82312 1.93589 1.67099 1.75947 2.2057 1.73512 1.92295 2.06725 2.31166 2.68557 2.26017 2.54611 2.99289 2.07781 2.8181 3.57563 2.68795 3.069 3.29001 4.00884 3.58942 3.56979 4.27447 2.36628 3.88507 4.10267 3.3541 3.19182 3.77138 2.72836 3.90872 3.03546 2.60242 2.98579 2.36319 2.20669 1.88625 2.09542 1.81008 1.46773 2.02179 2.13124 2.02351 1.67427 1.62284 1.76235 1.74397 1.86702 1.06732 1.89774 1.36865 1.51285 0.917282 1.11788 2.31235 1.71067 1.3898 1.76764 1.72574 1.57186 2.38192 1.82282 2.05221
2.0192 1.55394 1.404 1.93787 1.90513 2.00791 1.68127 1.91703 1.86975 2.04458 1.36014 1.16772 1.14844 1.54788 1.98892 1.57781 1.4971 1.43681 1.30402 1.80742 1.88322 1.2808 2.55625 1.41673 2.03294 2.94806 1.81226 2.31997 2.39755 3.41205 2.04659 2.92136 3.99807 3.4346 2.78569 3.76253 4.11989 3.86068 3.19969 3.21504 3.76159 2.84417 3.19507 4.20036 3.25588 2.72953 2.98749 2.80566 3.346 1.78628 3.50686 1.97596 2.70815 1.71066 2.07248 2.75765 3.22691 3.35298 3.12807 2.85709 2.31701 2.12875 2.78137 2.34091 2.91282 2.35607 1.34711 1.10501 1.41838 2.13284 1.49261 2.21618 2.07544 1.98132 1.75433 2.09479 2.10057 2.15056 2.30444 1.86026
2.06528 1.68782 1.39504 1.81537 1.71992 1.68745 1.95077 2.13143 1.70633 1.30514 1.46305 1.66454 1.32862 1.66306 2.0546 1.20816 1.50952 1.42332 1.43841 1.36628 1.71955 1.89128 2.44595 2.85397 2.43705 2.58638 1.92041 1.71866 2.42197 2.93357 2.53118 2.37842 3.44712 2.968 2.68804 2.86646 2.88126 3.01431 3.26975 3.67523 4.04491 3.54337 3.57075 3.98855 2.86272 3.97496 3.57992 3.80355 2.87436 1.65724 3.4245 2.25242 2.00618 2.1146 1.79693 2.63805 3.28581 2.70755 3.38955 3.38148 2.5558 3.45755 2.5398 2.97955 3.07151 2.54764 1.77471 1.87344 1.60403 1.24785 1.49401 1.61033 1.88292 1.67841 1.74537 1.62164 1.65534 1.76584 2.34035 1.51623
1.38439 1.67129 2.15357 1.37793 2.25232 1.41094 1.66047 1.45923 1.92246 1.4592 1.20665 1.52335 1.28155 1.75969 1.56894 1.0621 1.82626 1.21138 1.69983 1.91755 1.34493 1.85643 2.26874 2.19748 1.89203 2.34163 2.39391 2.29589 1.66842 3.34196 1.95321 3.30294 3.21289 2.80734 3.11117 3.75481 3.43765 3.27359 4.20995 3.94083 3.00087 3.27601 2.9091 3.53653 3.38201 3.3246 3.97685 3.16786 2.7666 1.69485 3.30047 3.30778 2.64677 2.15761 3.20983 3.13751 2.79517 3.21984 2.21457 3.08726 2.59379 2.83897 2.31688 2.20858 2.33462 2.50208 1.8689 1.38277 1.44474 2.09368 1.83828 1.67321 2.04526 1.44481 2.14782 1.92203 1.76332 1.78113 1.72056 1.56953
2.00835 1.83953 1.41095 1.55726 1.64281 1.43014 2.07579 2.47124 2.45158 1.24982 1.32466 1.42807 1.17311 1.61338 1.33367 1.83755 1.67555 0.966025 1.46467 2.30623 1.61504 1.61711 2.0954 2.26324 2.1204 2.26975 2.42981 1.77328 1.86556 3.05736 2.42172 2.47105 2.9989 2.90598 3.14738 2.52142 2.45798 4.1344 3.08582 3.089 3.0505 4.12584 3.09823 3.71811 3.39945 3.53181 3.67217 3.04842 2.90324 2.09639 3.63702 3.59418 2.94987 2.86592 2.99177 2.9583 2.8704 2.97876 3.3317 3.03395 2.54729 2.56754 2.79806 2.07551 2.08786 2.16197 1.67631 2.28321 2.47649 2.37901 2.5142 2.10542 1.70602 1.91229 1.70617 1.51749 1.59019 1.37412 2.00554 1.9496
1.53871 1.99636 1.65361 1.60986 1.94402 1.45751 2.56602 1.91341 2.19779 1.13892 1.05255 1.30077 1.41609 1.60178 1.68164 1.61567 1.38107 1.24725 2.241 1.46678 1.31779 1.51285 1.4335 1.81022 1.86789 2.71628 2.12831 1.71322 2.30546 2.85877 2.06458 3.32678 3.6318 3.86576 3.34374 3.05081 3.05696 3.56431 4.67405 2.98746 3.81458 3.10624 2.80813 2.85871 2.858 3.47362 3.17337 2.83754 2.79847 1.6069 3.15337 3.44191 3.13918 2.65234 3.10222 2.68157 2.92561 2.60908 2.82878 2.0426 1.78894 2.0414 2.92615 2.15722 2.01475 2.20612 2.43267 2.818 1.54422 1.77918 1.69213 1.94067 2.26456 1.7404 1.31069 2.12909 1.75143 1.6443 1.70686 1.87275
1.502 2.05203 2.01755 2.01527 2.18337 1.2945 1.31937 1.82922 1.36756 1.37248 0.932749 1.59737 1.05862 0.889127 1.33194 1.54684 1.61716 1.99224 1.29994 1.93938 1.05702 1.58894 1.55634 1.88318 1.56103 1.36459 1.99178 2.15731 1.81399 3.61248 2.40846 2.56505 3.03753 3.83016 3.20419 3.57357 3.33901 3.83368 3.60915 3.07612 3.93296 4.44026 2.77439 3.18619 3.02274 2.75461 3.34158 2.49153 2.7385 1.55782 2.87433 2.68364 2.87833 3.12468 2.81296 3.24882 2.8883 2.83982 2.69078 3.28103 2.3077 2.82353 2.44329 2.65453 2.12784 1.24808 2.0197 1.76762 1.47001 1.72065 1.93179 2.08041 2.26679 2.01389 1.563 1.80653 1.45416 1.69287 1.84349 1.36021
1.65636 1.95828 1.28493 0.979551 1.37598 1.48235 2.1733 1.89874 2.01007 1.13933 1.16493 1.47456 1.7036 1.51571 1.33264 1.4376 1.57069 1.63303 1.06599 1.24938 1.15988 1.33149 1.9093 1.71868 1.70564 2.81557 1.54666 1.6399 2.79456 3.28351 2.10462 2.31276 2.5126 2.62009 2.64127 2.53518 2.52988 3.21046 2.60576 2.85242 2.82193 2.90135 2.75635 2.59458 3.43917 2.86428 2.44566 3.35068 2.42863 2.06184 2.69939 2.5301 3.29343 2.76939 3.33829 2.76423 2.97907 2.55625 2.79762 2.98056 2.45566 2.62458 2.11634 1.99478 2.49976 2.15675 2.1965 1.93216 1.896 2.27547 1.58706 1.77181 1.46484 1.845 0.7193 2.03114 1.94204 1.74704 1.68455 1.60216
1.7585 1.55726 1.41349 1.99075 1.19804 1.44046 2.16677 1.82609 1.99217 1.38837 1.17825 1.11728 1.60628 1.15989 1.50164 1.39135 1.03387 1.3187 1.43499 1.21054 1.90843 1.42987 1.93349 1.80234 1.96946 1.65211 1.38903 2.03745 1.92528 3.46648 2.01149 1.82082 1.81502 2.19909 1.90534 2.62542 1.93878 2.20125 2.85092 2.21918 2.1889 2.23592 1.77959 2.02332 1.86801 2.25657 2.331 2.11739 2.5058 1.90345 2.49705 2.74263 2.52116 3.06663 3.11348 2.67874 2.61441 2.49603 2.49392 2.8324 2.53592 2.2463 2.59343 2.10558 2.23053 2.21542 2.11566 2.42231 2.12244 1.51412 1.64654 1.62498 2.1775 1.67032 1.4488 1.58753 1.15785 2.21779 1.92472 1.29578
1.46978 1.17113 1.63217 1.35145 1.19631 1.71286 1.67423 1.74838 1.60228 1.72209 1.70192 1.84353 1.57664 1.99739 2.18489 2.10009 1.64643 2.2795 2.23637 2.49471 2.29857 2.91763 2.87305 2.78072 2.84043 2.02436 2.89667 3.05749 3.19748 2.84645 3.46377 2.89083 2.97415 3.0579 2.64067 2.62751 3.28749 3.51363 3.21259 4.04733 3.07531 3.50576 3.44026 3.60769 3.84635 3.71052 3.44035 2.7275 2.90722 2.85407 2.87803 2.82865 3.07191 2.63805 2.85011 2.23808 2.62935 2.78964 2.95476 2.88533 1.81355 2.54005 2.12133 2.38075 2.29563 2.07443 1.87675 1.84242 2.20746 1.88598 1.86307 1.63749 1.55998 1.71898 1.43348 1.97248 1.42364 1.93296 1.67434 1.62088
1.57088 1.1314 1.84915 1.0454 1.52108 1.75418 1.80815 1.46091 1.53761 1.7484 1.90428 1.83847 2.32697 1.9525 2.75195 2.5903 1.34472 2.74406 2.14034 2.76013 2.30463 2.41488 2.63059 3.25176 3.2363 2.65695 2.39413 3.21918 3.70544 3.4303 3.38105 2.99286 2.62461 3.0723 3.71775 3.49509 3.11102 3.34894 3.50423 3.99259 3.81324 3.48063 3.59904 3.31297 3.09174 3.23487 2.79907 3.60761 3.55763 3.10531 2.40528 3.10049 2.31502 2.21591 3.06875 2.60864 2.75649 2.75723 2.52321 2.01605 2.60017 2.43317 2.23328 2.2936 2.21529 2.78372 2.00679 2.21232 1.77402 2.00139 1.80011 2.0694 1.7006 1.93141 1.38705 1.35796 1.21188 1.48967 1.44585 1.65341
1.32804 1.23863 1.20554 1.80257 1.67651 0.946172 1.84081 1.81698 1.74872 1.59491 1.85571 2.16224 1.89123 1.71169 2.22044 2.07671 2.58304 2.22903 2.35383 2.10007 2.42374 2.08681 2.59886 2.71332 2.46241 2.46865 2.67128 2.53553 2.73638 3.03368 3.65104 3.52877 3.33519 2.97424 3.37868 3.08256 2.86813 3.64872 2.87279 3.47865 3.54325 3.25012 3.44506 3.51199 3.39956 3.29031 3.28867 2.51959 3.17689 3.29336 2.87493 3.92331 3.31265 2.56089 2.60754 2.36695 2.75301 2.871 2.49946 2.33617 2.12489 2.82125 2.23486 1.90257 2.60372 2.52395 1.75348 2.24235 1.7368 1.80879 1.63646 1.542 1.71004 1.54929 1.42036 1.77435 0.998824 1.31119 1.61634 1.50663
1.76856 1.68481 1.27306 1.95963 1.4374 1.81974 1.77593 1.32078 1.90126 1.97174 1.91766 1.69602 1.72074 2.12424 1.85806 2.56289 2.31364 2.17888 2.14249 2.34544 2.61474 2.67788 2.36333 2.85469 2.43899 2.29855 2.76868 2.73459 3.31191 2.47765 3.16043 2.96175 2.74344 2.68986 3.25874 2.73071 3.47355 3.27639 3.51533 2.68259 3.93584 3.70247 2.67345 3.67596 2.28343 3.09857 2.99462 2.89637 2.74769 2.96177 2.91673 3.06815 1.9195 2.6548 2.49178 2.90543 1.84638 2.63424 2.16174 2.71594 2.31861 2.09144 1.9938 2.58026 2.28783 2.35122 1.85355 2.06941 1.72725 1.58217 1.77528 1.91571 1.54505 1.83431 1.3428 1.31588 2.05364 1.82649 1.59301 1.40335
1.325 1.94947 1.68525 1.16959 1.67565 1.42918 1.9427 1.39436 1.76187 1.71163 1.43182 1.73484 2.07625 2.39054 2.3028 1.99177 2.419 2.47278 2.06856 2.50753 2.46474 2.47719 2.11537 2.11455 2.3922 2.3477 3.02326 2.45117 2.41963 3.13961 2.19422 3.30292 2.92644 2.879 2.52804 3.73647 3.23984 3.9512 2.58416 2.65801 3.39611 2.21521 2.85258 3.62492 3.28121 2.78777 3.12744 2.57832 2.97662 3.17258 3.07379 2.83575 2.63105 2.15946 2.79364 2.30866 2.1934 2.95926 2.53536 2.73065 1.48991 1.88058 2.26683 2.37113 1.65218 2.4585 2.16194 1.80468 1.96067 1.71551 2.14458 1.65167 2.28984 1.76158 1.26347 1.77088 1.17299 1.7202 1.37233 1.64978
1.7196 1.67729 1.28237 1.63861 1.55079 1.44719 1.31004 1.77323 1.43947 1.82412 1.28139 1.52759 1.5651 1.77575 2.00599 1.56875 1.71818 2.25906 2.34699 2.36366 2.0537 1.72667 2.35352 2.43955 2.55005 2.95239 2.73709 3.11537 2.68359 2.65232 2.27095 2.81665 2.73754 2.47783 3.52156 3.57016 2.85156 2.76243 2.66032 3.07836 2.98618 3.13928 3.80908 3.25532 3.66865 3.55206 3.17579 3.10681 3.09536 2.69252 2.54199 2.46036 2.53636 2.36089 2.31071 2.96539 2.08571 1.39518 2.63915 2.36374 2.17361 2.09163 1.92853 1.23272 1.82427 1.9413 2.69074 1.77536 1.01577 1.81175 1.63694 1.4699 1.28165 2.34491 1.56698 1.73544 1.34201 1.11169 1.28072 1.82275
1.38446 1.43654 1.40667 1.35903 1.23415 1.42936 1.35868 1.81407 1.46421 1.67263 1.78746 1.51896 1.47205 1.86939 1.74427 1.77806 2.52168 1.9372 1.83241 2.00815 2.13765 2.60127 2.72405 1.65353 2.15239 2.41791 2.28507 2.4829 2.44999 2.95106 3.4727 2.25209 3.46034 3.25765 2.94471 2.74234 3.90731 3.10247 2.58204 3.04625 3.38265 2.72833 3.00294 3.28741 2.63506 3.27655 3.26146 3.1484 2.46092 3.29503 2.92958 2.86094 2.66971 2.85143 2.64271 2.2295 1.81441 1.95568 2.01455 2.1892 1.85034 1.88839 1.86226 2.17913 2.34836 2.24442 1.74129 1.41039 1.76623 1.87617 1.63619 1.63692 1.50334 1.36373 1.37864 1.33928 1.05608 1.37192 1.92329 1.72594
1.65558 1.20251 1.47483 1.20245 1.27733 1.69327 1.44552 1.57027 1.64549 1.66944 1.80691 1.25914 1.69555 1.42091 1.51556 1.73652 1.19978 2.14624 2.05563 1.9043 2.53855 1.82193 2.17468 2.4528 2.18119 2.68029 2.14663 2.40338 3.31474 2.73712 2.42471 3.04041 2.23975 2.65833 3.16112 3.3527 3.25485 3.03987 3.27339 2.66769 3.17155 2.79048 2.88975 2.34968 3.47489 2.64688 2.92862 2.81936 1.97244 2.86242 2.64734 2.58305 2.59337 2.14437 2.69705 2.51405 2.24904 2.42772 2.76376 2.15154 1.93403 1.64037 1.77036 2.57662 1.74866 1.42081 1.76156 1.40376 1.94284 1.75785 1.1393 1.39119 1.61131 1.18903 1.24109 1.6982 1.47529 1.12139 1.45458 1.06494
1.07511 1.32153 1.22565 1.33968 1.53819 1.25089 1.77289 1.58828 1.60392 1.51479 1.43606 1.53653 1.5247 1.66835 1.97441 1.67318 1.92969 1.66243 1.83646 2.33013 1.97001 2.16908 2.72262 1.96039 2.57703 2.6821 2.72878 2.62214 2.48831 2.06231 2.5058 2.14778 3.39079 2.12567 2.69603 2.69925 2.70456 2.52537 3.7247 2.816 3.28893 2.75998 2.81207 2.24377 2.82116 2.6531 2.23876 3.24336 2.90104 3.43888 2.32779 2.21341 2.07736 2.44689 2.9026 1.83851 2.84358 2.36686 2.14637 2.54415 2.22605 1.71385 1.99232 2.35121 1.81307 1.55172 1.63778 1.74808 2.29788 1.3459 1.75002 1.43276 1.55596 1.3627 0.886062 1.78776 1.3314 1.46059 0.949442 1.13787
1.00736 1.43946 1.62014 1.8676 1.26184 1.47096 1.76961 1.13114 1.30455 1.63013 1.4498 2.31055 1.6832 1.38504 1.67751 1.4888 1.63442 1.76112 1.81258 2.08831 1.87505 2.23724 2.59569 2.04722 1.80001 2.23957 2.55074 2.45008 2.80593 2.63093 2.46105 2.26292 3.27158 2.77364 2.90169 2.85997 3.12794 2.88495 2.51642 3.28157 3.60498 2.80755 3.33699 2.68249 2.75788 3.13344 2.84417 2.71284 2.38034 3.03278 2.49579 2.56206 2.8326 2.55025 2.31054 2.38007 1.99377 2.08732 1.95318 1.8498 2.21104 1.7608 1.94075 2.09521 2.26234 1.65783 1.06812 1.86493 1.92651 1.32244 1.30838 1.17611 1.23718 1.07763 1.3222 1.75646 1.0857 1.19559 1.5018 1.4618
1.64253 1.0168 1.57674 1.21543 1.35527 1.58195 1.35727 1.15155 1.45473 1.18151 1.56066 1.67152 1.21178 2.0367 1.41529 1.84759 1.97685 2.0504 1.93424 1.85899 2.04141 2.13843 2.13972 2.46164 1.73862 2.59995 2.866 2.39826 2.63514 2.40455 2.15259 2.37221 1.96696 2.5307 2.35224 3.40086 3.14556 3.10046 2.86638 2.15947 2.349 3.39404 2.69662 2.4069 3.38529 2.62788 2.54492 1.9055 2.21049 1.93227 2.5343 2.3347 2.16645 1.89113 2.01911 3.42403 2.16759 2.1548 1.4465 2.41162 1.93762 1.86012 1.91651 1.51677 1.75446 1.9831 2.22245 1.94417 1.53686 1.51626 1.64792 1.50582 1.88569 1.62109 1.07868 1.16799 1.33759 1.20063 1.51564 1.56354
0.984779 1.58639 1.00113 1.18125 1.36712 1.21522 1.23076 1.13041 1.74334 1.57656 1.46545 1.46319 1.29809 1.51993 1.91431 1.72998 2.0357 2.22103 1.74389 1.77634 2.0154 2.04982 2.38619 1.7205 1.90627 2.41537 2.18602 2.58847 2.30373 1.96213 2.34023 2.08724 2.95824 3.07304 2.27853 2.72959 2.66307 2.75547 2.56869 2.94899 3.62706 2.72004 3.32551 2.59166 2.65885 2.82255 3.27792 2.73634 2.38765 2.65718 2.99356 2.61094 2.16939 2.50818 1.70105 1.51881 2.12709 1.9524 3.11678 1.46138 2.08364 2.38024 1.29546 1.59627 1.37853 1.68222 2.13076 1.17409 1.87327 2.1516 2.01374 1.74988 1.15526 1.41029 1.43843 0.798312 1.11966 1.87598 1.46164 0.937319
1.24006 1.24583 1.22979 1.0695 0.951812 1.70262 1.33265 1.81919 1.33286 1.58159 1.04724 1.5277 1.92688 2.32693 1.85146 1.73252 2.00251 1.65253 1.30234 2.46647 1.93885 2.06235 1.99543 1.81604 2.487 2.87805 2.86982 2.05142 2.44487 2.62527 2.03317 2.01464 2.26825 2.40322 2.64784 2.00632 2.10559 2.54314 2.4142 2.42548 2.51013 2.64073 2.40969 2.85528 2.74313 3.02877 2.62168 2.03932 2.4484 2.3926 2.30294 2.3311 2.13457 2.13502 2.03519 1.92447 2.00619 2.61952 1.83803 2.17008 1.98877 1.98717 1.19038 1.61293 1.98441 1.78825 1.73693 1.72822 2.05995 1.58013 1.91579 1.57442 1.8391 1.58375 1.30362 1.31642 1.42495 0.597224 1.39472 1.78331
0.959839 1.1785 0.827065 1.12805 1.47203 1.10815 1.45346 1.56142 1.12226 1.49401 1.43909 1.25087 1.34168 1.29727 1.92162 1.81729 1.51743 1.99156 1.19531 1.89783 1.62793 1.85978 1.72679 1.82259 2.05385 1.88503 2.45736 2.26715 1.43987 2.59768 2.02593 1.86443 3.1633 2.66458 1.95946 2.5788 2.16239 2.70082 2.55917 3.40243 2.98957 1.804 2.23181 2.0844 2.10281 2.3139 2.4612 2.54636 2.35059 2.5833 2.67978 1.843 1.72227 2.06649 1.94461 1.72733 2.15884 2.12928 1.96689 1.71215 2.27578 1.73752 2.03713 1.94861 1.79158 1.85844 1.54254 1.22108 1.68913 1.63622 1.15065 1.26908 1.25886 1.63427 1.17396 1.2498 1.31582 1.19316 1.07413 1.07525
0.970297 1.33128 1.07984 0.912439 0.836567 1.24168 0.819988 1.42925 1.32919 1.66702 1.4149 1.088 1.75825 1.32634 1.24771 1.73209 1.40222 1.41332 1.19858 1.62609 1.97898 1.84418 1.71715 2.12429 2.28051 1.93127 1.90003 1.76938 1.78524 1.49011 2.50523 2.2121 2.33446 2.35823 2.07939 2.21367 2.13609 2.13088 2.56856 2.78115 3.36172 2.12141 2.49823 2.86769 2.43588 2.37311 2.82953 2.14568 2.46016 2.47828 2.02031 2.42957 1.90313 2.21326 2.68793 2.43789 1.50823 2.00327 1.54053 1.42776 1.56547 1.62953 1.68559 1.90529 1.66579 1.41537 2.10136 1.64132 1.10995 1.18416 1.25256 1.12563 1.46378 1.24345 0.708018 1.08929 0.847425 1.18743 0.920381 0.943587
1.03797 1.12558 1.03092 1.29235 1.27118 1.34285 1.048 1.18716 1.10918 1.15326 1.74018 1.12931 1.56847 1.62022 1.00919 1.26599 1.39489 1.56221 1.30346 1.97329 1.297 1.47372 1.86466 2.47841 1.87047 2.13729 2.63698 2.0136 2.02926 2.41794 2.42858 1.63411 2.0791 2.71062 2.50203 2.41611 2.79489 2.67178 2.25698 2.72813 2.32976 2.60009 2.43752 2.22955 2.61264 2.71506 2.93506 1.74053 2.4766 2.41537 1.73655 2.01537 1.8637 2.25766 2.0035 1.75898 1.86977 2.20883 1.86929 1.92069 1.49513 2.01772 2.0448 1.59225 1.33887 1.73078 1.42171 0.933115 1.45472 1.20274 1.0406 1.76263 0.888649 1.03531 1.4427 0.906113 1.23863 1.47729 0.876041 1.18843
1.02264 1.44317 1.14583 1.32078 0.906428 0.939412 1.58155 1.03359 0.957906 1.41646 1.5632 1.38825 1.68871 1.46964 1.52534 1.4562 1.56879 1.85428 2.25801 1.74445 1.70509 1.66712 1.88853 2.38504 1.60684 1.79412 1.70456 1.97685 2.14437 2.09609 2.46825 2.04564 2.14063 2.72811 1.9806 2.33688 2.29411 2.53303 2.46072 2.54828 2.55127 2.41074 2.31002 2.38285 1.41526 2.56127 2.08387 2.45004 1.72982 2.3054 1.48195 1.90244 1.95054 1.64778 2.34908 1.95786 1.83783 1.44746 1.45711 1.64199 1.80179 1.27273 1.62711 1.46361 1.75756 1.54334 1.52922 1.59284 1.79037 1.41581 0.844885 1.27347 1.06811 1.31994 1.0863 1.1353 1.56036 1.0847 1.0703 1.03945
1.341 1.31675 0.987059 1.62372 1.47147 1.46752 1.34246 1.35517 1.17329 1.45561 1.18135 1.37776 1.15644 0.998013 1.34993 1.34313 1.18211 1.65039 1.79767 1.12877 1.67933 1.97878 1.54097 1.84601 1.82628 1.84865 2.15233 2.20933 1.67039 2.55676 1.86116 1.60349 1.66265 2.09805 1.95006 2.33777 2.59285 2.23707 2.73961 2.36739 2.86988 2.47444 2.76868 2.67188 2.49264 2.09479 2.236 2.22812 2.26129 2.27411 1.46705 2.0034 1.40554 1.51101 1.37258 1.45614 2.19551 1.91989 1.01246 1.60518 1.9637 1.4611 0.831818 1.26022 1.25937 1.55748 1.49068 1.40102 1.48012 1.28717 0.955582 1.17455 1.08085 0.787347 0.889005 1.11129 0.877401 1.00237 1.21359 0.91241
1.1663 1.11304 0.913044 1.08702 0.736131 0.890692 1.73077 1.35424 1.08735 1.07422 1.17627 1.03084 0.759044 1.56162 1.20694 1.67479 1.9578 1.52693 1.38177 1.61826 1.94045 1.35701 1.47671 1.88055 2.03661 1.97731 1.53887 2.42652 1.93119 1.8752 1.97635 1.73923 2.06832 1.83531 2.13792 2.15915 2.37222 2.15511 1.89413 2.6611 2.5528 2.37844 2.37293 1.90785 2.13534 2.16011 2.35804 2.22063 2.72934 1.4488 2.04767 1.92725 1.88513 1.83731 1.46905 1.81293 1.3325 1.98975 1.9092 1.6626 1.54711 1.2069 1.35729 1.4042 0.891048 0.942719 1.17152 1.0135 1.36266 1.13045 1.11424 0.804364 0.869341 1.04755 1.45601 1.34425 1.34899 0.734139 1.01487 0.753671
0.816699 0.975996 0.956096 0.894157 0.749782 1.03929 1.18843 1.0119 0.94013 1.52118 1.04156 1.25276 1.26383 1.13392 1.56964 1.39453 1.37153 1.18217 1.70028 1.87572 0.957157 1.22195 1.9162 1.80398 2.13232 1.47874 1.53741 1.22121 2.08618 1.91004 1.83177 2.038 1.61296 2.49254 2.03233 1.98254 2.73725 2.05627 1.82718 1.51467 2.25827 2.25108 2.83179 2.51885 2.41638 1.66649 1.8396 1.8072 1.56605 2.05961 1.98395 1.83876 1.60392 1.37213 1.35426 1.56974 2.05007 1.80933 1.73747 1.31487 1.58321 1.52732 1.21986 1.39186 1.30644 1.43526 1.37701 1.55142 0.961707 1.19822 0.679117 1.1978 1.10832 1.29431 1.05791 1.27674 0.75662 0.920071 1.14104 1.34433
1.24326 1.28634 1.45067 0.876464 0.729861 1.30049 0.773924 0.66017 0.942333 1.3115 1.43234 0.744309 1.59377 1.34516 1.10342 1.57475 1.40188 1.34909 1.17965 1.54616 1.71085 1.98439 1.19522 1.61379 1.88006 1.74464 2.11606 1.50615 1.61029 1.85991 1.83564 2.20896 1.919 1.67735 2.0858 2.53283 2.28599 2.42911 2.87456 2.22617 2.25623 2.03361 2.0124 1.37189 1.61559 1.96312 1.98871 2.15372 1.83755 2.16109 2.57397 1.4563 1.91735 1.76 1.77368 1.65083 1.53645 1.82972 1.13945 1.66259 1.67295 0.806961 2.21566 1.43284 1.44478 1.47855 1.11109 1.29367 1.23355 1.5936 1.08952 1.60346 0.916479 1.0829 0.712722 1.11279 0.728882 1.28009 1.15142 0.961153
0.991261 1.02665 1.4749 0.942763 0.94029 0.889049 1.21556 0.96629 1.08062 0.829327 0.80732 0.948498 0.985961 1.38842 1.24035 1.30678 1.27924 1.14731 1.52743 1.40961 1.29776 1.42383 1.5642 1.07185 1.64448 1.91238 1.62687 1.07259 1.53025 2.03191 1.881 2.24994 1.88133 1.6573 1.73607 2.05902 1.48274 2.2067 1.48542 2.00041 2.28591 2.25391 1.89215 2.21673 1.65275 1.4159 1.63892 1.87456 1.93615 2.03626 1.92207 1.79762 2.00841 1.69531 1.90844 1.87967 1.15753 1.31704 2.03312 1.57992 1.21661 1.3466 1.28862 1.26729 1.64764 0.962664 1.17831 0.889871 1.27334 1.13662 1.2426 1.00812 1.46473 0.783752 1.23573 0.876986 0.861228 1.03035 1.08305 1.03698
0.887055 0.621847 0.892253 0.778425 0.687625 1.14695 1.37473 0.704463 1.10505 1.11568 0.885321 0.965135 1.44856 0.897329 1.01952 1.4732 1.62847 1.45869 1.40073 1.14098 1.62343 1.33837 1.37039 1.18605 1.76548 1.44727 1.47419 1.78628 1.38617 1.45483 2.15823 1.94624 2.00883 1.568 1.73819 1.98239 1.56852 1.96835 2.05953 1.7702 2.22227 1.9646 1.9343 1.70056 1.53943 1.75493 1.90719 1.5433 1.45138 2.0582 1.58113 1.75383 2.19724 1.84679 1.42656 1.44177 0.961934 1.53037 1.09033 1.00238 1.26299 1.35188 0.822767 0.971599 1.43297 0.945057 1.35797 1.2286 1.62925 1.08266 0.990769 1.15086 1.0384 0.923486 0.994517 0.930217 0.852054 1.08221 1.29248 1.17956
0.849476 0.84298 0.606806 0.900718 0.710172 1.0696 1.0857 0.815736 1.27536 1.3107 0.890956 1.20953 1.15438 1.50575 1.41646 1.30133 1.15647 1.21258 1.29492 1.17004 1.05984 1.02975 1.49441 1.87313 1.38597 1.3039 2.00534 1.60047 1.44029 1.84574 1.55228 1.8906 1.74805 2.01436 2.16846 1.83362 1.73596 1.442 2.07866 1.76309 1.39728 2.36835 1.71195 1.9382 1.31328 1.8671 1.81817 1.85422 1.73469 2.02063 1.79601 1.83925 1.68074 1.70151 1.6617 1.53875 1.41654 1.1848 1.44008 1.05524 1.79621 1.04889 1.54471 1.67049 1.2313 1.02516 1.23305 0.97945 0.880046 1.1127 1.22469 0.574385 0.923033 0.915762 1.08668 0.83736 1.23892 0.792153 0.956384 0.780467
0.964719 1.17058 0.93723 0.614226 1.04191 0.79439 0.78928 1.49464 1.09248 0.996332 1.28717 1.30995 1.05943 1.25325 1.19843 1.34618 1.09676 1.52626 1.62511 0.907262 1.61377 1.67391 1.62186 1.37961 1.23855 1.5503 1.40991 1.38342 1.46494 1.51141 1.94169 1.62241 1.92542 1.47569 1.9538 1.42491 1.62644 1.39333 1.91971 1.84816 1.80682 2.10076 1.85117 1.7705 2.04128 1.61482 1.90723 1.65692 1.96747 2.08255 1.89756 1.57721 1.09323 1.47722 1.1945 1.19573 1.75671 1.02316 0.94451 1.64811 1.01129 1.30944 1.26581 0.781605 1.45992 1.02128 1.42684 0.698487 0.965494 1.05159 1.27067 0.875463 1.14759 0.686205 0.622513 0.808947 0.977695 0.798202 0.813932 1.18149
0.644805 1.09144 0.905181 1.05208 1.00692 0.651739 1.00912 0.837031 1.04211 1.35195 1.4247 0.489884 0.830219 0.982541 1.06178 1.55549 1.4829 0.847313 1.66891 1.43664 1.54599 0.999077 1.28822 1.99365 1.25424 1.3883 1.44164 1.41197 2.03632 1.58156 1.63796 1.49224 1.43193 1.4122 1.9252 1.52963 1.61546 1.85546 1.59591 2.3276 1.38462 1.92641 1.7062 1.63583 1.37061 1.66744 2.42606 2.22352 1.4855 2.06915 1.68593 1.11554 2.08061 1.92761 1.43883 1.52444 1.35306 1.74013 1.67351 1.57718 1.22044 1.10079 1.11825 1.50677 1.23848 1.46716 0.909929 1.01346 1.12013 1.42207 0.836259 0.791786 0.773421 0.959374 1.17988 0.841735 0.899561 0.617258 0.824801 1.02459
0.634547 0.786506 0.864709 0.845173 0.904057 0.745582 0.97848 0.762948 1.0936 0.89341 1.06731 0.896697 1.10213 0.752429 0.867742 0.76626 1.22032 1.44342 1.34968 1.02418 1.4352 0.703322 1.64278 1.10592 1.31988 1.36521 1.81325 1.68418 1.38813 1.66533 1.55467 2.18349 1.58826 2.44498 1.73023 1.86415 1.81116 1.35833 1.45606 1.96559 1.74429 2.23026 1.88577 1.59867 2.17439 1.47993 1.42957 1.36594 1.33471 1.73349 1.38727 1.75644 1.7113 1.55511 1.59963 1.67557 1.26364 1.74038 1.79195 1.34862 1.10765 1.21546 1.59099 1.31679 1.05583 1.03746 0.772133 0.863265 0.853203 1.30495 0.771586 0.924605 1.21977 0.952713 0.792852 1.13339 1.01924 0.783295 0.900215 0.652853
0.790465 0.757446 0.639697 0.995543 1.08999 1.23772 0.716479 1.10706 1.25198 1.01549 1.32443 0.904598 1.04922 1.15951 1.1164 1.02234 1.26361 0.977286 0.903129 1.8089 1.50476 1.81856 0.971058 1.28591 1.25105 1.91567 1.17792 1.4756 1.43466 1.49238 1.25973 2.15194 2.17572 2.00103 1.48734 1.30517 1.7601 2.11202 1.79724 1.71701 2.26235 1.9683 1.82265 1.74334 1.68455 1.50597 2.22128 1.85994 1.68464 1.64418 1.70448 1.95431 1.62574 1.64431 1.40039 1.6505 1.67301 1.4879 1.52979 0.874654 1.2922 1.54496 1.90806 1.4978 1.38974 0.974476 1.93615 1.01833 1.02708 1.0464 1.11948 1.08036 0.94376 1.32543 1.062 0.751908 0.486365 1.09485 0.731895 0.692739
0.651863 0.646492 0.826082 1.11164 0.945187 0.896355 0.639922 0.778188 1.58643 1.04885 0.90069 0.721548 0.927617 0.965657 0.776851 1.00158 1.2396 1.39384 1.36364 1.6899 1.60697 1.3685 1.26099 0.944666 0.927242 1.26301 1.30979 1.69079 1.61681 2.03468 1.97281 1.97761 2.21498 1.41063 2.03871 1.32859 1.8905 1.68142 1.56604 2.20174 2.23941 1.85037 2.14833 1.73575 1.77394 1.61973 1.81964 1.99572 1.91546 1.31978 1.93303 1.59233 1.85144 1.63826 1.80309 1.59106 1.62494 1.71162 1.10202 1.08044 1.33344 1.40691 1.30855 1.42134 0.95316 0.738144 1.10458 1.53758 0.765788 0.991862 1.02688 0.788148 1.22697 0.83499 1.02235 1.13874 0.820802 0.549362 0.416994 0.644572
0.779727 0.857661 0.548795 0.701068 1.05191 0.942825 0.988466 0.881539 1.22177 1.42379 0.875186 0.642149 1.19982 1.19857 0.865778 1.03347 1.02636 1.15313 1.27351 1.15479 1.26369 1.19486 1.12223 1.8494 1.57305 1.08573 1.41888 1.24982 1.57522 1.46031 1.66555 1.57733 2.04525 2.05227 2.2452 1.91305 1.3359 2.31664 1.49049 1.67739 2.5663 1.54359 1.94404 1.69047 2.50403 1.1714 2.23386 1.52102 1.75982 1.63264 1.1776 1.90231 1.64887 1.58182 1.56428 1.35443 1.73333 1.68953 1.53366 1.1184 1.77939 1.20803 0.823757 0.908011 0.943246 0.769781 0.627928 1.3417 0.956975 0.948165 0.870484 1.11962 1.18817 0.722603 1.11274 0.561324 0.685105 0.674743 0.694841 0.778697
